                            OLS Regression Results                            
==============================================================================
Dep. Variable:                  price   R-squared:                       0.803
Model:                            OLS   Adj. R-squared:                  0.802
Method:                 Least Squares   F-statistic:                     986.5
Date:                Sat, 21 Mar 2020   Prob (F-statistic):               0.00
Time:                        13:29:14   Log-Likelihood:            -2.5736e+05
No. Observations:               19164   AIC:                         5.149e+05
Df Residuals:                   19084   BIC:                         5.155e+05
Df Model:                          79                                         
Covariance Type:            nonrobust                                         
=================================================================================
                    coef    std err          t      P>|t|      [0.025      0.975]
---------------------------------------------------------------------------------
Intercept      5.409e+05   1190.979    454.200      0.000    5.39e+05    5.43e+05
bedrooms      -2.766e+04   1575.429    -17.559      0.000   -3.08e+04   -2.46e+04
bathrooms      1.266e+04   2098.976      6.033      0.000    8548.300    1.68e+04
sqft_living    1.933e+05   2513.681     76.885      0.000    1.88e+05    1.98e+05
sqft_lot       8526.7865   1336.996      6.378      0.000    5906.156    1.11e+04
floors        -2.719e+04   1681.595    -16.171      0.000   -3.05e+04   -2.39e+04
waterfront     6.702e+04   1263.548     53.043      0.000    6.45e+04    6.95e+04
view           3.379e+04   1361.240     24.820      0.000    3.11e+04    3.65e+04
condition      1.903e+04   1285.098     14.808      0.000    1.65e+04    2.15e+04
grade          6.722e+04   2123.093     31.660      0.000    6.31e+04    7.14e+04
sqft_basement  -2.94e+04   1471.433    -19.983      0.000   -3.23e+04   -2.65e+04
zipcode_98001 -2.526e+04   1164.185    -21.694      0.000   -2.75e+04    -2.3e+04
zipcode_98002 -1.593e+04   1180.002    -13.501      0.000   -1.82e+04   -1.36e+04
zipcode_98003 -2.385e+04   1162.636    -20.515      0.000   -2.61e+04   -2.16e+04
zipcode_98004  7.151e+04   1188.604     60.166      0.000    6.92e+04    7.38e+04
zipcode_98005  9528.6486   1157.865      8.230      0.000    7259.131    1.18e+04
zipcode_98006  1.171e+04   1198.588      9.774      0.000    9365.436    1.41e+04
zipcode_98007  4240.5121   1206.339      3.515      0.000    1875.981    6605.043
zipcode_98008  7053.0265   1171.903      6.018      0.000    4755.994    9350.059
zipcode_98010 -8931.3560   1202.403     -7.428      0.000   -1.13e+04   -6574.541
zipcode_98011 -6589.8463   1178.295     -5.593      0.000   -8899.408   -4280.284
zipcode_98014 -8434.1296   1207.161     -6.987      0.000   -1.08e+04   -6067.988
zipcode_98019  -1.05e+04   1193.080     -8.803      0.000   -1.28e+04   -8164.125
zipcode_98022 -2.076e+04   1197.950    -17.330      0.000   -2.31e+04   -1.84e+04
zipcode_98023 -3.418e+04   1166.362    -29.301      0.000   -3.65e+04   -3.19e+04
zipcode_98024 -2652.0187   1188.940     -2.231      0.026   -4982.446    -321.591
zipcode_98027 -3979.4284   1168.890     -3.404      0.001   -6270.555   -1688.301
zipcode_98028 -8317.1624   1169.624     -7.111      0.000   -1.06e+04   -6024.596
zipcode_98029  1303.8867   1169.860      1.115      0.265    -989.142    3596.915
zipcode_98030 -2.089e+04   1159.772    -18.015      0.000   -2.32e+04   -1.86e+04
zipcode_98031  -2.02e+04   1174.333    -17.200      0.000   -2.25e+04   -1.79e+04
zipcode_98032 -1.411e+04   1169.992    -12.062      0.000   -1.64e+04   -1.18e+04
zipcode_98033   2.38e+04   1182.192     20.136      0.000    2.15e+04    2.61e+04
zipcode_98034  1727.0499   1164.702      1.483      0.138    -555.870    4009.969
zipcode_98038 -2.755e+04   1172.764    -23.494      0.000   -2.99e+04   -2.53e+04
zipcode_98039  5.475e+04   1188.237     46.073      0.000    5.24e+04    5.71e+04
zipcode_98040  3.543e+04   1212.376     29.228      0.000    3.31e+04    3.78e+04
zipcode_98042 -3.044e+04   1167.937    -26.063      0.000   -3.27e+04   -2.82e+04
zipcode_98045 -1.064e+04   1206.116     -8.821      0.000    -1.3e+04   -8275.166
zipcode_98052  5383.2873   1170.733      4.598      0.000    3088.548    7678.026
zipcode_98053 -1873.2215   1187.527     -1.577      0.115   -4200.879     454.436
zipcode_98055 -1.585e+04   1180.414    -13.426      0.000   -1.82e+04   -1.35e+04
zipcode_98056 -1.408e+04   1169.027    -12.045      0.000   -1.64e+04   -1.18e+04
zipcode_98058 -2.407e+04   1183.575    -20.333      0.000   -2.64e+04   -2.17e+04
zipcode_98059 -1.603e+04   1185.999    -13.515      0.000   -1.84e+04   -1.37e+04
zipcode_98065 -1.306e+04   1178.328    -11.080      0.000   -1.54e+04   -1.07e+04
zipcode_98070 -1.573e+04   1207.272    -13.031      0.000   -1.81e+04   -1.34e+04
zipcode_98072 -4891.7602   1183.123     -4.135      0.000   -7210.787   -2572.734
zipcode_98074 -3088.0248   1201.133     -2.571      0.010   -5442.351    -733.698
zipcode_98075 -3457.1147   1179.158     -2.932      0.003   -5768.369   -1145.860
zipcode_98077 -7450.3022   1198.222     -6.218      0.000   -9798.923   -5101.682
zipcode_98092 -2.987e+04   1183.327    -25.244      0.000   -3.22e+04   -2.76e+04
zipcode_98102  2.523e+04   1214.559     20.773      0.000    2.28e+04    2.76e+04
zipcode_98103  2.726e+04   1178.987     23.117      0.000    2.49e+04    2.96e+04
zipcode_98105  3.171e+04   1163.155     27.266      0.000    2.94e+04     3.4e+04
zipcode_98106 -3589.0195   1179.550     -3.043      0.002   -5901.041   -1276.998
zipcode_98107  1.964e+04   1185.835     16.565      0.000    1.73e+04     2.2e+04
zipcode_98108 -4666.0100   1181.233     -3.950      0.000   -6981.331   -2350.689
zipcode_98109  2.308e+04   1193.341     19.343      0.000    2.07e+04    2.54e+04
zipcode_98112  5.328e+04   1174.189     45.376      0.000     5.1e+04    5.56e+04
zipcode_98115  2.623e+04   1174.162     22.337      0.000    2.39e+04    2.85e+04
zipcode_98116  1.528e+04   1178.482     12.965      0.000     1.3e+04    1.76e+04
zipcode_98117  2.305e+04   1167.461     19.745      0.000    2.08e+04    2.53e+04
zipcode_98118   150.8742   1179.088      0.128      0.898   -2160.241    2461.990
zipcode_98119  3.009e+04   1185.215     25.392      0.000    2.78e+04    3.24e+04
zipcode_98122  2.071e+04   1179.961     17.555      0.000    1.84e+04     2.3e+04
zipcode_98125  2661.2774   1172.767      2.269      0.023     362.551    4960.004
zipcode_98126  2439.6923   1187.751      2.054      0.040     111.596    4767.789
zipcode_98133 -2675.1472   1184.105     -2.259      0.024   -4996.098    -354.196
zipcode_98136  8243.5504   1191.044      6.921      0.000    5909.000    1.06e+04
zipcode_98144  1.394e+04   1188.284     11.733      0.000    1.16e+04    1.63e+04
zipcode_98146 -7854.7303   1177.729     -6.669      0.000   -1.02e+04   -5546.278
zipcode_98148 -5888.6174   1184.750     -4.970      0.000   -8210.833   -3566.402
zipcode_98155 -5529.6025   1169.833     -4.727      0.000   -7822.578   -3236.627
zipcode_98166  -1.47e+04   1201.049    -12.242      0.000   -1.71e+04   -1.23e+04
zipcode_98168 -1.184e+04   1207.314     -9.808      0.000   -1.42e+04   -9474.645
zipcode_98177  4918.7900   1164.965      4.222      0.000    2635.356    7202.224
zipcode_98178 -1.555e+04   1185.868    -13.109      0.000   -1.79e+04   -1.32e+04
zipcode_98188 -1.218e+04   1194.366    -10.201      0.000   -1.45e+04   -9842.644
zipcode_98198 -2.138e+04   1203.527    -17.765      0.000   -2.37e+04    -1.9e+04
zipcode_98199  2.604e+04   1199.303     21.713      0.000    2.37e+04    2.84e+04
==============================================================================
Omnibus:                    18250.357   Durbin-Watson:                   1.975
Prob(Omnibus):                  0.000   Jarque-Bera (JB):          3511103.195
Skew:                           4.094   Prob(JB):                         0.00
Kurtosis:                      68.803   Cond. No.                     5.01e+15
==============================================================================

Warnings:
[1] Standard Errors assume that the covariance matrix of the errors is correctly specified.
[2] The smallest eigenvalue is 2.69e-27. This might indicate that there are
strong multicollinearity problems or that the design matrix is singular.